beibao5.in      Max_value£º2617      solution_vector£º{0,0,0,0,0,0,0,0,0,0,0,0,0,0,0,0,0,0,0,0,0,0,0,0,0,0,0,0,0,0,0,0,0,0,0,0,0,0,0,0,0,1,0,0,1,0,0,0,0,0,1,0,0,0,1,0,1,0,1,0,0,0,0,0,0,0,0,0,0,0,1,0,1,1,0,0,1,0,0,0,0,1,1,1,0,1,0,1,1,0,1,0,1,1,0,1,1,1,0,0}      Time:0.163659s
beibao4.in      Max_value:2558      solution_vector:{0,0,0,0,0,0,0,0,0,0,0,0,0,0,0,0,0,0,0,0,0,0,0,0,0,0,0,0,0,0,0,0,0,0,0,0,0,0,1,0,0,0,1,1,0,1,0,1,1,0,0,0,1,0,0,1,0,0,1,0,0,1,0,0,0,0,0,1,0,0,0,1,0,0,0,0,0,0,1,0,0,0,1,0,0,0,0,0,0,0,0,1,1,0,1,0,0,0,1,1}      Time:0.160943s
beibao5.in      Max_value:2617      solution_vector:{0,0,0,0,0,0,0,0,0,0,0,0,0,0,0,0,0,0,0,0,0,0,0,0,0,0,0,0,0,0,0,0,0,0,0,0,0,0,0,0,0,1,0,0,1,0,0,0,0,0,1,0,0,0,1,0,1,0,1,0,0,0,0,0,0,0,0,0,0,0,1,0,1,1,0,0,1,0,0,0,0,1,1,1,0,1,0,1,1,0,1,0,1,1,0,1,1,1,0,0}      Time:0.170658s
beibao6.in      Max_value:2461      solution_vector:{0,0,0,0,0,0,0,0,0,0,0,0,0,0,1,0,0,0,0,1,0,0,1,0,0,0,0,0,0,0,0,0,1,0,0,0,0,0,0,0,0,1,0,1,0,0,1,0,0,0,1,0,0,1,1,0,0,0,0,0,0,0,0,0,0,0,0,0,0,1,0,0,1,0,0,1,1,0,0,1,0,0,0,0,0,0,0,0,1,1,1,0,0,0,0,1,1,1,0,0}      Time:0.152759s
beibao7.in      Max_value:2397      solution_vector:{0,0,0,0,0,0,0,0,0,0,0,0,0,0,0,0,0,0,0,0,0,0,0,0,0,0,0,0,1,0,0,0,0,0,0,0,0,0,0,0,0,0,0,0,1,0,1,0,0,0,0,0,0,0,1,0,1,0,1,0,0,0,1,0,0,1,0,1,1,0,0,0,0,0,0,1,0,1,1,0,0,1,0,0,1,1,0,0,0,0,0,0,0,0,0,1,0,0,1,0}      Time:0.15115s
beibao8.in      Max_value:2460      solution_vector:{0,0,0,0,0,0,0,0,0,0,0,0,0,0,0,0,0,0,0,0,1,0,0,0,0,0,0,0,0,0,0,0,0,0,0,0,0,1,0,1,0,1,0,0,0,0,1,1,1,0,0,0,1,0,1,0,0,0,0,0,1,0,0,0,0,0,0,0,0,0,0,0,0,0,1,0,0,0,1,0,0,0,0,0,0,1,1,1,1,0,0,0,0,0,0,1,1,0,1,0}      Time:0.169681s
beibao9.in      Max_value:2852      solution_vector:{0,0,0,0,0,0,0,0,0,0,0,0,0,0,0,0,0,0,0,0,0,0,0,0,0,0,0,0,0,0,0,0,0,0,1,0,0,0,0,0,0,0,0,1,0,1,0,0,0,0,0,0,0,0,0,0,1,0,1,0,0,1,0,0,0,0,1,0,1,0,0,0,1,0,1,0,0,1,1,1,0,1,0,0,1,0,0,0,1,1,0,1,1,1,0,0,0,0,1,0}      Time:0.159025s
beibao3.in      Max_value:2614      solution_vector:{0,0,0,0,0,0,0,0,0,0,0,1,0,0,0,0,0,0,0,0,0,0,0,0,0,0,0,0,1,0,0,0,0,1,0,1,0,1,1,0,0,0,0,0,0,0,0,0,0,0,1,0,0,0,0,1,1,0,0,0,0,0,0,0,0,0,0,0,1,0,0,0,0,0,0,0,1,0,1,0,1,1,1,0,1,0,0,0,0,0,0,1,0,1,0,1,0,1,1,1}      Time:0.17718s
beibao0.in      Max_value:133      solution_vector:{0,0,0,0,1}      Time:0.0110106s
beibao0.in      Max_value:133      solution_vector:{0,0,0,0,1}      Time:0.0015254s
beibao3.in      Max_value:2614      solution_vector:{0,0,0,0,1,0,0,0,0,0,0,1,0,0,0,0,0,0,0,0,0,0,0,0,0,0,0,0,1,0,0,0,0,1,0,1,0,1,1,0,0,0,0,0,0,0,0,0,0,0,1,0,0,0,0,1,1,0,0,0,0,0,0,0,0,0,0,0,1,0,0,0,0,0,0,0,1,0,1,0,1,1,1,0,1,0,0,0,0,0,0,1,0,1,0,1,0,1,1,1}      Time:0.0114357s
beibao0.in      Max_value:133      solution_vector:{0,0,0,0,1}      Time:0.0014067s
beibao2.in      Max_value:388      solution_vector:{0,1,0,1,1,1,1,1,0,0}      Time:0.0017752s
beibao3.in      Max_value:2614      solution_vector:{0,1,0,1,1,1,1,1,0,0,1,1,0,0,0,0,0,0,0,0,0,0,0,0,0,0,0,0,1,0,0,0,0,1,0,1,0,1,1,0,0,0,0,0,0,0,0,0,0,0,1,0,0,0,0,1,1,0,0,0,0,0,0,0,0,0,0,0,1,0,0,0,0,0,0,0,1,0,1,0,1,1,1,0,1,0,0,0,0,0,0,1,0,1,0,1,0,1,1,1}      Time:0.0133175s
beibao4.in      Max_value:2558      solution_vector:{0,1,0,1,1,1,1,1,0,0,1,1,0,0,0,0,0,0,0,0,0,0,0,0,0,0,0,0,1,0,0,0,0,1,0,1,0,1,1,0,0,0,1,1,0,1,0,1,1,0,1,0,1,0,0,1,1,0,1,0,0,1,0,0,0,0,0,1,1,0,0,1,0,0,0,0,1,0,1,0,1,1,1,0,1,0,0,0,0,0,0,1,1,1,1,1,0,1,1,1}      Time:0.0101773s
